 PREM+QL6
 1 1.0 1
 222 55 109 3
      0. 13088.50 11262.20  3667.80 100000.0    104.0 11262.20  3667.80  1.00000
  22620. 13088.39 11262.12  3667.74 100000.0    104.0 11262.12  3667.74  1.00000
  45241. 13088.05 11261.88  3667.58 100000.0    104.0 11261.88  3667.58  1.00000
  67861. 13087.50 11261.48  3667.30 100000.0    104.0 11261.48  3667.30  1.00000
  90481. 13086.72 11260.92  3666.90 100000.0    104.0 11260.92  3666.90  1.00000
 113102. 13085.71 11260.19  3666.40 100000.0    104.0 11260.19  3666.40  1.00000
 135722. 13084.49 11259.31  3665.78 100000.0    104.0 11259.31  3665.78  1.00000
 158343. 13083.04 11258.27  3665.05 100000.0    104.0 11258.27  3665.05  1.00000
 180963. 13081.37 11257.07  3664.21 100000.0    104.0 11257.07  3664.21  1.00000
 203583. 13079.48 11255.70  3663.26 100000.0    104.0 11255.70  3663.26  1.00000
 226204. 13077.36 11254.18  3662.19 100000.0    104.0 11254.18  3662.19  1.00000
 248824. 13075.02 11252.49  3661.02 100000.0    104.0 11252.49  3661.02  1.00000
 271444. 13072.46 11250.65  3659.73 100000.0    104.0 11250.65  3659.73  1.00000
 294065. 13069.67 11248.64  3658.32 100000.0    104.0 11248.64  3658.32  1.00000
 316685. 13066.66 11246.48  3656.81 100000.0    104.0 11246.48  3656.81  1.00000
 339306. 13063.43 11244.15  3655.19 100000.0    104.0 11244.15  3655.19  1.00000
 361926. 13059.98 11241.66  3653.45 100000.0    104.0 11241.66  3653.45  1.00000
 384546. 13056.30 11239.01  3651.60 100000.0    104.0 11239.01  3651.60  1.00000
 407167. 13052.40 11236.21  3649.63 100000.0    104.0 11236.21  3649.63  1.00000
 429787. 13048.28 11233.24  3647.56 100000.0    104.0 11233.24  3647.56  1.00000
 452407. 13043.93 11230.11  3645.37 100000.0    104.0 11230.11  3645.37  1.00000
 475028. 13039.37 11226.82  3643.07 100000.0    104.0 11226.82  3643.07  1.00000
 497648. 13034.58 11223.37  3640.66 100000.0    104.0 11223.37  3640.66  1.00000
 520269. 13029.56 11219.76  3638.14 100000.0    104.0 11219.76  3638.14  1.00000
 542889. 13024.33 11215.99  3635.51 100000.0    104.0 11215.99  3635.51  1.00000
 565509. 13018.87 11212.06  3632.76 100000.0    104.0 11212.06  3632.76  1.00000
 588130. 13013.18 11207.97  3629.90 100000.0    104.0 11207.97  3629.90  1.00000
 610750. 13007.28 11203.72  3626.93 100000.0    104.0 11203.72  3626.93  1.00000
 633370. 13001.15 11199.30  3623.84 100000.0    104.0 11199.30  3623.84  1.00000
 655991. 12994.80 11194.73  3620.65 100000.0    104.0 11194.73  3620.65  1.00000
 678611. 12988.23 11190.00  3617.34 100000.0    104.0 11190.00  3617.34  1.00000
 701231. 12981.43 11185.10  3613.92 100000.0    104.0 11185.10  3613.92  1.00000
 723852. 12974.41 11180.05  3610.39 100000.0    104.0 11180.05  3610.39  1.00000
 746472. 12967.17 11174.83  3606.74 100000.0    104.0 11174.83  3606.74  1.00000
 769093. 12959.70 11169.46  3602.99 100000.0    104.0 11169.46  3602.99  1.00000
 791713. 12952.02 11163.92  3599.12 100000.0    104.0 11163.92  3599.12  1.00000
 814333. 12944.11 11158.23  3595.14 100000.0    104.0 11158.23  3595.14  1.00000
 836954. 12935.97 11152.37  3591.05 100000.0    104.0 11152.37  3591.05  1.00000
 859574. 12927.62 11146.35  3586.84 100000.0    104.0 11146.35  3586.84  1.00000
 882194. 12919.04 11140.18  3582.52 100000.0    104.0 11140.18  3582.52  1.00000
 904815. 12910.24 11133.84  3578.09 100000.0    104.0 11133.84  3578.09  1.00000
 927435. 12901.21 11127.34  3573.55 100000.0    104.0 11127.34  3573.55  1.00000
 950056. 12891.96 11120.68  3568.90 100000.0    104.0 11120.68  3568.90  1.00000
 972676. 12882.49 11113.86  3564.13 100000.0    104.0 11113.86  3564.13  1.00000
 995296. 12872.80 11106.88  3559.26 100000.0    104.0 11106.88  3559.26  1.00000
1017917. 12862.88 11099.74  3554.27 100000.0    104.0 11099.74  3554.27  1.00000
1040537. 12852.75 11092.44  3549.16 100000.0    104.0 11092.44  3549.16  1.00000
1063157. 12842.38 11084.98  3543.95 100000.0    104.0 11084.98  3543.95  1.00000
1085778. 12831.80 11077.36  3538.62 100000.0    104.0 11077.36  3538.62  1.00000
1108398. 12820.99 11069.58  3533.19 100000.0    104.0 11069.58  3533.19  1.00000
1131019. 12809.96 11061.64  3527.63 100000.0    104.0 11061.64  3527.63  1.00000
1153639. 12798.71 11053.53  3521.97 100000.0    104.0 11053.53  3521.97  1.00000
1176259. 12787.23 11045.27  3516.20 100000.0    104.0 11045.27  3516.20  1.00000
1198880. 12775.54 11036.85  3510.31 100000.0    104.0 11036.85  3510.31  1.00000
1221500. 12763.61 11028.26  3504.31 100000.0    104.0 11028.26  3504.31  1.00000
1221500. 12166.33 10355.72     0.00 100000.0      0.0 10355.72     0.00  1.00000
1264113. 12144.15 10330.89     0.00 100000.0      0.0 10330.89     0.00  1.00000
1306726. 12121.35 10305.76     0.00 100000.0      0.0 10305.76     0.00  1.00000
1349340. 12097.92 10280.32     0.00 100000.0      0.0 10280.32     0.00  1.00000
1391953. 12073.85 10254.54     0.00 100000.0      0.0 10254.54     0.00  1.00000
1434566. 12049.13 10228.39     0.00 100000.0      0.0 10228.39     0.00  1.00000
1477179. 12023.75 10201.85     0.00 100000.0      0.0 10201.85     0.00  1.00000
1519792. 11997.70 10174.90     0.00 100000.0      0.0 10174.90     0.00  1.00000
1562406. 11970.97 10147.50     0.00 100000.0      0.0 10147.50     0.00  1.00000
1605019. 11943.54 10119.64     0.00 100000.0      0.0 10119.64     0.00  1.00000
1647632. 11915.42 10091.30     0.00 100000.0      0.0 10091.30     0.00  1.00000
1690245. 11886.59 10062.44     0.00 100000.0      0.0 10062.44     0.00  1.00000
1732858. 11857.04 10033.04     0.00 100000.0      0.0 10033.04     0.00  1.00000
1775472. 11826.76 10003.08     0.00 100000.0      0.0 10003.08     0.00  1.00000
1818085. 11795.75  9972.54     0.00 100000.0      0.0  9972.54     0.00  1.00000
1860698. 11763.98  9941.39     0.00 100000.0      0.0  9941.39     0.00  1.00000
1903311. 11731.45  9909.60     0.00 100000.0      0.0  9909.60     0.00  1.00000
1945925. 11698.15  9877.16     0.00 100000.0      0.0  9877.16     0.00  1.00000
1988538. 11664.08  9844.03     0.00 100000.0      0.0  9844.03     0.00  1.00000
2031151. 11629.21  9810.19     0.00 100000.0      0.0  9810.19     0.00  1.00000
2073764. 11593.55  9775.62     0.00 100000.0      0.0  9775.62     0.00  1.00000
2116377. 11557.08  9740.30     0.00 100000.0      0.0  9740.30     0.00  1.00000
2158991. 11519.78  9704.19     0.00 100000.0      0.0  9704.19     0.00  1.00000
2201604. 11481.66  9667.28     0.00 100000.0      0.0  9667.28     0.00  1.00000
2244217. 11442.70  9629.54     0.00 100000.0      0.0  9629.54     0.00  1.00000
2286830. 11402.90  9590.95     0.00 100000.0      0.0  9590.95     0.00  1.00000
2329443. 11362.23  9551.48     0.00 100000.0      0.0  9551.48     0.00  1.00000
2372057. 11320.70  9511.10     0.00 100000.0      0.0  9511.10     0.00  1.00000
2414670. 11278.28  9469.80     0.00 100000.0      0.0  9469.80     0.00  1.00000
2457283. 11234.98  9427.55     0.00 100000.0      0.0  9427.55     0.00  1.00000
2499896. 11190.78  9384.32     0.00 100000.0      0.0  9384.32     0.00  1.00000
2542509. 11145.67  9340.10     0.00 100000.0      0.0  9340.10     0.00  1.00000
2585123. 11099.65  9294.85     0.00 100000.0      0.0  9294.85     0.00  1.00000
2627736. 11052.69  9248.54     0.00 100000.0      0.0  9248.54     0.00  1.00000
2670349. 11004.80  9201.17     0.00 100000.0      0.0  9201.17     0.00  1.00000
2712962. 10955.96  9152.70     0.00 100000.0      0.0  9152.70     0.00  1.00000
2755575. 10906.16  9103.11     0.00 100000.0      0.0  9103.11     0.00  1.00000
2798189. 10855.40  9052.37     0.00 100000.0      0.0  9052.37     0.00  1.00000
2840802. 10803.65  9000.46     0.00 100000.0      0.0  9000.46     0.00  1.00000
2883415. 10750.92  8947.36     0.00 100000.0      0.0  8947.36     0.00  1.00000
2926028. 10697.20  8893.03     0.00 100000.0      0.0  8893.03     0.00  1.00000
2968642. 10642.46  8837.47     0.00 100000.0      0.0  8837.47     0.00  1.00000
3011255. 10586.71  8780.63     0.00 100000.0      0.0  8780.63     0.00  1.00000
3053868. 10529.93  8722.50     0.00 100000.0      0.0  8722.50     0.00  1.00000
3096481. 10472.11  8663.06     0.00 100000.0      0.0  8663.06     0.00  1.00000
3139094. 10413.24  8602.27     0.00 100000.0      0.0  8602.27     0.00  1.00000
3181708. 10353.32  8540.12     0.00 100000.0      0.0  8540.12     0.00  1.00000
3224321. 10292.33  8476.58     0.00 100000.0      0.0  8476.58     0.00  1.00000
3266934. 10230.27  8411.63     0.00 100000.0      0.0  8411.63     0.00  1.00000
3309547. 10167.12  8345.23     0.00 100000.0      0.0  8345.23     0.00  1.00000
3352160. 10102.87  8277.38     0.00 100000.0      0.0  8277.38     0.00  1.00000
3394774. 10037.51  8208.03     0.00 100000.0      0.0  8208.03     0.00  1.00000
3437387.  9971.04  8137.18     0.00 100000.0      0.0  8137.18     0.00  1.00000
3480000.  9903.44  8064.79     0.00 100000.0      0.0  8064.79     0.00  1.00000
3480000.  5566.46 13716.62  7264.65 100000.0    355.0 13716.62  7264.65  1.00000
3517468.  5547.66 13707.42  7265.03 100000.0    355.0 13707.42  7265.03  1.00000
3554979.  5528.90 13698.33  7265.38 100000.0    355.0 13698.33  7265.38  1.00000
3592490.  5510.16 13689.33  7265.69 100000.0    355.0 13689.33  7265.69  1.00000
3630000.  5491.45 13680.41  7265.98 100000.0    355.0 13680.41  7265.98  1.00000
3630000.  5491.45 13680.40  7265.97 100000.0    355.0 13680.40  7265.97  1.00000
3662833.  5475.09 13640.63  7250.95 100000.0    355.0 13640.63  7250.95  1.00000
3695667.  5458.73 13601.16  7236.00 100000.0    355.0 13601.16  7236.00  1.00000
3728500.  5442.39 13561.95  7221.12 100000.0    355.0 13561.95  7221.12  1.00000
3761333.  5426.05 13523.00  7206.30 100000.0    355.0 13523.00  7206.30  1.00000
3794167.  5409.71 13484.27  7191.53 100000.0    355.0 13484.27  7191.53  1.00000
3827000.  5393.38 13445.75  7176.82 100000.0    355.0 13445.75  7176.82  1.00000
3859834.  5377.05 13407.42  7162.14 100000.0    355.0 13407.42  7162.14  1.00000
3892666.  5360.71 13369.24  7147.49 100000.0    355.0 13369.24  7147.49  1.00000
3925500.  5344.36 13331.21  7132.87 100000.0    355.0 13331.21  7132.87  1.00000
3958333.  5328.01 13293.30  7118.27 100000.0    355.0 13293.30  7118.27  1.00000
3991167.  5311.65 13255.48  7103.67 100000.0    355.0 13255.48  7103.67  1.00000
4024000.  5295.27 13217.74  7089.07 100000.0    355.0 13217.74  7089.07  1.00000
4056833.  5278.87 13180.05  7074.47 100000.0    355.0 13180.05  7074.47  1.00000
4089667.  5262.46 13142.39  7059.85 100000.0    355.0 13142.39  7059.85  1.00000
4122500.  5246.02 13104.75  7045.21 100000.0    355.0 13104.75  7045.21  1.00000
4155334.  5229.56 13067.08  7030.55 100000.0    355.0 13067.08  7030.55  1.00000
4188166.  5213.08 13029.39  7015.84 100000.0    355.0 13029.39  7015.84  1.00000
4221000.  5196.56 12991.64  7001.09 100000.0    355.0 12991.64  7001.09  1.00000
4253834.  5180.02 12953.81  6986.29 100000.0    355.0 12953.81  6986.29  1.00000
4286666.  5163.43 12915.88  6971.43 100000.0    355.0 12915.88  6971.43  1.00000
4319500.  5146.82 12877.83  6956.50 100000.0    355.0 12877.83  6956.50  1.00000
4352334.  5130.16 12839.64  6941.50 100000.0    355.0 12839.64  6941.50  1.00000
4385166.  5113.46 12801.27  6926.41 100000.0    355.0 12801.27  6926.41  1.00000
4418000.  5096.72 12762.73  6911.23 100000.0    355.0 12762.73  6911.23  1.00000
4450834.  5079.93 12723.97  6895.96 100000.0    355.0 12723.97  6895.96  1.00000
4483666.  5063.09 12684.98  6880.58 100000.0    355.0 12684.98  6880.58  1.00000
4516500.  5046.20 12645.74  6865.09 100000.0    355.0 12645.74  6865.09  1.00000
4549334.  5029.25 12606.23  6849.47 100000.0    355.0 12606.23  6849.47  1.00000
4582166.  5012.25 12566.41  6833.73 100000.0    355.0 12566.41  6833.73  1.00000
4615000.  4995.19 12526.28  6817.85 100000.0    355.0 12526.28  6817.85  1.00000
4647834.  4978.07 12485.81  6801.83 100000.0    355.0 12485.81  6801.83  1.00000
4680666.  4960.88 12444.97  6785.66 100000.0    355.0 12444.97  6785.66  1.00000
4713500.  4943.62 12403.75  6769.33 100000.0    355.0 12403.75  6769.33  1.00000
4746333.  4926.30 12362.13  6752.83 100000.0    355.0 12362.13  6752.83  1.00000
4779166.  4908.90 12320.07  6736.15 100000.0    355.0 12320.07  6736.15  1.00000
4812000.  4891.43 12277.57  6719.30 100000.0    355.0 12277.57  6719.30  1.00000
4844833.  4873.89 12234.59  6702.25 100000.0    355.0 12234.59  6702.25  1.00000
4877666.  4856.26 12191.12  6685.01 100000.0    355.0 12191.12  6685.01  1.00000
4910500.  4838.55 12147.14  6667.57 100000.0    355.0 12147.14  6667.57  1.00000
4943333.  4820.75 12102.61  6649.91 100000.0    355.0 12102.61  6649.91  1.00000
4976166.  4802.87 12057.53  6632.03 100000.0    355.0 12057.53  6632.03  1.00000
5009000.  4784.90 12011.87  6613.93 100000.0    355.0 12011.87  6613.93  1.00000
5041833.  4766.83 11965.60  6595.59 100000.0    355.0 11965.60  6595.59  1.00000
5074666.  4748.67 11918.71  6577.00 100000.0    355.0 11918.71  6577.00  1.00000
5107500.  4730.42 11871.17  6558.17 100000.0    355.0 11871.17  6558.17  1.00000
5140333.  4712.06 11822.96  6539.08 100000.0    355.0 11822.96  6539.08  1.00000
5173166.  4693.60 11774.06  6519.73 100000.0    355.0 11774.06  6519.73  1.00000
5206000.  4675.04 11724.45  6500.10 100000.0    355.0 11724.45  6500.10  1.00000
5238833.  4656.37 11674.10  6480.19 100000.0    355.0 11674.10  6480.19  1.00000
5271666.  4637.59 11623.00  6459.99 100000.0    355.0 11623.00  6459.99  1.00000
5304500.  4618.69 11571.12  6439.49 100000.0    355.0 11571.12  6439.49  1.00000
5337333.  4599.68 11518.44  6418.69 100000.0    355.0 11518.44  6418.69  1.00000
5370166.  4580.56 11464.94  6397.58 100000.0    355.0 11464.94  6397.58  1.00000
5403000.  4561.31 11410.59  6376.15 100000.0    355.0 11410.59  6376.15  1.00000
5435833.  4541.94 11355.38  6354.40 100000.0    355.0 11355.38  6354.40  1.00000
5468666.  4522.45 11299.28  6332.31 100000.0    355.0 11299.28  6332.31  1.00000
5501500.  4502.82 11242.27  6309.88 100000.0    355.0 11242.27  6309.88  1.00000
5534333.  4483.07 11184.33  6287.10 100000.0    355.0 11184.33  6287.10  1.00000
5567166.  4463.19 11125.44  6263.96 100000.0    355.0 11125.44  6263.96  1.00000
5600000.  4443.17 11065.57  6240.46 100000.0    355.0 11065.57  6240.46  1.00000
5600000.  4443.17 11065.56  6240.46 100000.0    355.0 11065.56  6240.46  1.00000
5625250.  4427.67 10987.05  6166.58 100000.0    355.0 10987.05  6166.58  1.00000
5650500.  4412.10 10908.50  6092.72 100000.0    355.0 10908.50  6092.72  1.00000
5675750.  4396.44 10829.91  6018.88 100000.0    355.0 10829.91  6018.88  1.00000
5701000.  4380.70 10751.28  5945.05 100000.0    355.0 10751.28  5945.05  1.00000
5701000.  3992.12 10266.17  5570.21 100000.0    165.0 10266.17  5570.21  1.00000
5724334.  3986.70 10230.10  5552.14 100000.0    165.0 10230.10  5552.14  1.00000
5747666.  3981.27 10193.96  5534.08 100000.0    165.0 10193.96  5534.08  1.00000
5771000.  3975.82 10157.76  5516.02 100000.0    165.0 10157.76  5516.02  1.00000
5771000.  3975.82 10157.82  5515.93 100000.0    165.0 10157.82  5515.93  1.00000
5796000.  3944.33 10029.84  5443.07 100000.0    165.0 10029.84  5443.07  1.00000
5821000.  3912.82  9901.85  5370.14 100000.0    165.0  9901.85  5370.14  1.00000
5846000.  3881.31  9773.87  5297.21 100000.0    165.0  9773.87  5297.21  1.00000
5871000.  3849.80  9645.88  5224.28 100000.0    165.0  9645.88  5224.28  1.00000
5896000.  3818.29  9517.89  5151.35 100000.0    165.0  9517.89  5151.35  1.00000
5921000.  3786.78  9389.90  5078.42 100000.0    165.0  9389.90  5078.42  1.00000
5946000.  3755.27  9261.91  5005.49 100000.0    165.0  9261.91  5005.49  1.00000
5971000.  3723.75  9133.92  4932.49 100000.0    165.0  9133.92  4932.49  1.00000
5971000.  3543.26  8905.24  4769.90 100000.0    165.0  8905.24  4769.90  1.00000
5993500.  3529.82  8861.95  4754.15 100000.0    165.0  8861.95  4754.15  1.00000
6016000.  3516.39  8818.67  4738.40 100000.0    165.0  8818.67  4738.40  1.00000
6038500.  3502.95  8775.38  4722.65 100000.0    165.0  8775.38  4722.65  1.00000
6061000.  3489.51  8732.09  4706.90 100000.0    165.0  8732.09  4706.90  1.00000
6083500.  3476.08  8688.81  4691.15 100000.0    165.0  8688.81  4691.15  1.00000
6106000.  3462.64  8645.52  4675.40 100000.0    165.0  8645.52  4675.40  1.00000
6128500.  3449.21  8602.23  4659.65 100000.0    165.0  8602.23  4659.65  1.00000
6151000.  3435.78  8558.95  4643.90 100000.0    165.0  8558.95  4643.90  1.00000
6151000.  3359.49  7800.45  4441.09 100000.0     70.0  8048.56  4436.26  0.97646
6174334.  3362.03  7826.93  4435.73 100000.0     70.0  8065.52  4457.22  0.96747
6197666.  3364.57  7853.36  4430.35 100000.0     70.0  8082.43  4478.16  0.95839
6221000.  3367.10  7879.76  4424.96 100000.0     70.0  8099.29  4499.08  0.94924
6244334.  3369.64  7906.23  4419.60 100000.0     70.0  8116.25  4520.04  0.94025
6267666.  3372.18  7932.67  4414.22 100000.0     70.0  8133.16  4540.98  0.93117
6291000.  3374.71  7959.06  4408.83 100000.0     70.0  8150.02  4561.90  0.92201
6291000.  3374.71  7959.06  4408.83 100000.0    191.0  8150.02  4561.90  0.92201
6309543.  3376.73  7980.11  4404.57 100000.0    191.0  8163.51  4578.56  0.91488
6328086.  3378.74  8001.12  4400.30 100000.0    191.0  8176.95  4595.21  0.90767
6346600.  3380.75  8022.06  4396.02 100000.0    191.0  8190.32  4611.80  0.90039
6346600.  2900.00  6800.00  3900.00 100000.0    300.0  6800.00  3900.00  1.00000
6351000.  2900.00  6800.00  3900.00 100000.0    300.0  6800.00  3900.00  1.00000
6356000.  2900.00  6800.00  3900.00 100000.0    300.0  6800.00  3900.00  1.00000
6356000.  2600.00  5800.00  3200.00 100000.0    300.0  5800.00  3200.00  1.00000
6362000.  2600.00  5800.00  3200.00 100000.0    300.0  5800.00  3200.00  1.00000
6368000.  2600.00  5800.00  3200.00 100000.0    300.0  5800.00  3200.00  1.00000
6368000.  1020.00  1450.00     0.00 100000.0      0.0  1450.00     0.00  1.00000
6369500.  1020.00  1450.00     0.00 100000.0      0.0  1450.00     0.00  1.00000
6371000.  1020.00  1450.00     0.00 100000.0      0.0  1450.00     0.00  1.00000
